point
770
10.371734619140625 -12.893003463745117 -6.665619373321533
10.371734619140625 -12.893003463745117 -10.33228588104248
11.441981315612793 -12.893003463745117 -6.109896183013916
13.655426979064941 -12.893003463745117 -5.713628768920898
14.011465072631836 -12.893003463745117 -7.5015411376953125
12.711562156677246 -12.893003463745117 -8.86633586883545
11.831153869628906 -12.893003463745117 -9.496133804321289
11.123800277709961 -12.893003463745117 -9.893965721130371
11.148966789245605 -12.115771293640137 -6.049831390380859
12.546232223510742 -10.718505859375 -5.879892826080322
12.39391040802002 -10.870827674865723 -7.679557800292969
11.796449661254883 -11.46828842163086 -8.792162895202637
11.329987525939941 -11.934749603271484 -9.413002014160156
10.883071899414062 -12.38166618347168 -9.833900451660156
10.371734619140625 -11.938459396362305 -6.350154399871826
10.371734619140625 -10.026288032531738 -6.046156883239746
10.371734619140625 -9.123281478881836 -7.471871852874756
10.371734619140625 -10.293195724487305 -8.925675392150879
10.371734619140625 -11.277217864990234 -9.620831489562988
10.371734619140625 -12.083086967468262 -10.014094352722168
9.819490432739258 -12.34075927734375 -6.71054220199585
9.118634223937988 -11.63990306854248 -6.919042587280273
7.935932159423828 -10.457200050354004 -7.546045303344727
6.786968231201172 -9.308237075805664 -9.489395141601562
8.307805061340332 -10.829072952270508 -10.659981727600098
9.655862808227539 -12.177131652832031 -10.43454647064209
9.735371589660645 -12.893003463745117 -7.010865211486816
9.172926902770996 -12.893003463745117 -7.37626838684082
8.4868745803833 -12.893003463745117 -7.902079105377197
7.446950912475586 -12.893003463745117 -8.999848365783691
7.557141304016113 -12.893003463745117 -10.576849937438965
9.243637084960938 -12.893003463745117 -10.6748046875
9.942212104797363 -13.322525978088379 -7.070929527282715
9.63461685180664 -13.630121231079102 -7.5009660720825195
9.268730163574219 -13.996007919311523 -7.976252555847168
8.901061058044434 -14.363677024841309 -8.806997299194336
8.786931037902832 -14.477806091308594 -10.119623184204102
9.594502449035645 -13.670235633850098 -10.614740371704102
10.371734619140625 -13.5582914352417 -6.95080041885376
10.371734619140625 -14.143933296203613 -7.334702491760254
10.371734619140625 -14.907854080200195 -7.872409343719482
10.371734619140625 -15.817787170410156 -8.999848365783691
10.371734619140625 -15.13425350189209 -10.119623184204102
10.371734619140625 -13.818621635437012 -10.254352569580078
10.964885711669922 -13.486153602600098 -6.5904130935668945
11.88282585144043 -14.404094696044922 -6.628080368041992
13.772666931152344 -16.293935775756836 -7.234516143798828
12.991372108459473 -15.512639999389648 -9.177865028381348
11.698546409606934 -14.219815254211426 -9.828661918640137
10.964885711669922 -13.486153602600098 -10.074158668518066
10.805618286132812 -12.893003463745117 -6.431317329406738
11.309937477111816 -12.504386901855469 -6.049831390380859
10.688763618469238 -12.575974464416504 -6.367951393127441
10.729670524597168 -12.02886962890625 -6.230025291442871
10.371734619140625 -12.47358226776123 -6.494682788848877
10.064932823181152 -12.15231704711914 -6.530348300933838
10.105839729309082 -12.627107620239258 -6.684779644012451
9.779186248779297 -12.647561073303223 -6.890735626220703
10.024627685546875 -12.893003463745117 -6.811511039733887
9.828564643859863 -13.11799144744873 -7.010865211486816
10.136519432067871 -13.128217697143555 -6.874876499176025
10.146746635437012 -13.436172485351562 -7.010865211486816
10.371734619140625 -13.254572868347168 -6.74814510345459
10.637629508972168 -13.534931182861328 -6.770606517791748
10.658082962036133 -13.179351806640625 -6.558048248291016
11.18648910522461 -13.230484962463379 -6.350154399871826
11.013662338256836 -12.627107620239258 -9.893965721130371
10.776692390441895 -12.893003463745117 -10.106523513793945
10.658082962036133 -12.606654167175293 -10.106523513793945
10.647856712341309 -12.226386070251465 -9.95403003692627
10.371734619140625 -12.47358226776123 -10.169889450073242
10.054705619812012 -12.1276273727417 -10.19428825378418
10.044479370117188 -12.565747261047363 -10.359986305236816
9.43353271484375 -12.504386901855469 -10.614740371704102
9.880000114440918 -12.893003463745117 -10.486717224121094
9.408843040466309 -13.29184627532959 -10.6748046875
10.024025917053223 -13.24071216583252 -10.486717224121094
10.013798713684082 -13.757136344909668 -10.43454647064209
10.371734619140625 -13.355812072753906 -10.359986305236816
10.688763618469238 -13.658378601074219 -10.19428825378418
10.678537368774414 -13.19980525970459 -10.233255386352539
11.063041687011719 -13.179351806640625 -10.014094352722168
12.049162864685059 -11.953178405761719 -5.740706443786621
12.438450813293457 -12.893003463745117 -5.740706443786621
13.174541473388672 -11.732043266296387 -5.713628768920898
11.833123207092285 -11.431614875793457 -5.740706443786621
13.559355735778809 -11.3993501663208 -6.499262809753418
14.295164108276367 -12.893003463745117 -6.442862033843994
13.201054573059082 -11.721060752868652 -7.575715065002441
12.69053840637207 -10.574198722839355 -6.753066062927246
12.646286010742188 -11.95085334777832 -8.33228588104248
13.296518325805664 -12.893003463745117 -8.33228588104248
12.25794792175293 -12.11170768737793 -8.83666706085205
12.072200775146484 -11.192537307739258 -8.33228588104248
11.950427055358887 -12.321737289428711 -9.206497192382812
12.245612144470215 -12.893003463745117 -9.234697341918945
11.572937965393066 -12.395448684692383 -9.454567909240723
11.531136512756348 -11.733601570129395 -9.121895790100098
11.351505279541016 -12.616881370544434 -9.704298973083496
11.4658784866333 -12.893003463745117 -9.704298973083496
11.116756439208984 -12.147981643676758 -9.653483390808105
10.842164993286133 -11.223764419555664 -5.9947829246521
11.458983421325684 -10.268152236938477 -5.879892826080322
10.371734619140625 -11.15047836303711 -6.147228717803955
11.551122665405273 -9.633768081665039 -6.527462959289551
11.589635848999023 -9.952729225158691 -7.546045303344727
10.371734619140625 -9.203808784484863 -6.555663585662842
11.38282299041748 -10.452020645141602 -8.33228588104248
11.176009178161621 -10.951313018798828 -8.85150146484375
10.371734619140625 -9.70823860168457 -8.33228588104248
11.084092140197754 -11.372753143310547 -9.206497192382812
10.906145095825195 -11.602822303771973 -9.537699699401855
10.371734619140625 -10.843450546264648 -9.31929874420166
10.86928939819336 -12.004953384399414 -9.704298973083496
10.371734619140625 -11.677288055419922 -9.856744766235352
9.745184898376465 -11.774718284606934 -6.6045660972595215
9.560905456542969 -10.935487747192383 -6.503382682800293
9.512094497680664 -12.03336238861084 -6.807827472686768
9.015957832336426 -9.999624252319336 -6.6684651374816895
8.69424819946289 -8.843192100524902 -7.2493510246276855
8.591224670410156 -11.112492561340332 -7.119670867919922
8.625309944152832 -8.676761627197266 -8.33228588104248
8.969999313354492 -9.50891399383545 -9.237204551696777
7.016761302947998 -9.538029670715332 -8.33228588104248
9.468765258789062 -10.397651672363281 -9.714103698730469
9.63461685180664 -11.113443374633789 -9.994925498962402
7.307600498199463 -9.828868865966797 -10.419112205505371
10.024025917053223 -11.659218788146973 -10.060006141662598
9.110928535461426 -11.632197380065918 -10.568159103393555
9.464540481567383 -12.637334823608398 -7.061903953552246
9.1705322265625 -12.395448684692383 -7.2100043296813965
9.43968677520752 -12.893003463745117 -7.163534164428711
8.742117881774902 -12.303309440612793 -7.429874420166016
8.152660369873047 -11.973832130432129 -7.73889684677124
8.849209785461426 -12.893003463745117 -7.599076747894287
7.2650299072265625 -11.60616397857666 -8.33228588104248
6.432877063751221 -11.261474609375 -9.385551452636719
7.966912746429443 -12.893003463745117 -8.33228588104248
6.350428581237793 -11.008703231811523 -10.644715309143066
7.479949951171875 -11.695186614990234 -11.034075736999512
7.1510090827941895 -12.893003463745117 -9.883305549621582
8.79297924041748 -12.008461952209473 -10.771419525146484
8.426589965820312 -12.893003463745117 -10.771419525146484
9.648138999938965 -13.298418045043945 -7.214349746704102
9.392976760864258 -13.298418045043945 -7.417834281921387
9.769986152648926 -13.494751930236816 -7.265164852142334
9.194766998291016 -13.44450569152832 -7.655477523803711
8.929336547851562 -13.490464210510254 -7.946583271026611
9.460776329040527 -13.803961753845215 -7.711878299713135
8.596474647521973 -13.628339767456055 -8.33228588104248
8.2636137008667 -13.766215324401855 -8.896005630493164
9.084895133972168 -14.179842948913574 -8.33228588104248
7.97823429107666 -13.759116172790527 -9.657702445983887
8.236263275146484 -13.777544975280762 -10.32745361328125
8.756853103637695 -14.507884979248047 -9.432100296020508
8.702496528625488 -13.363432884216309 -10.66978931427002
9.139583587646484 -14.125154495239258 -10.517343521118164
10.136519432067871 -13.727622032165527 -7.163534164428711
9.966320037841797 -13.871761322021484 -7.417834281921387
10.371734619140625 -13.865574836730957 -7.1127190589904785
9.911036491394043 -14.166141510009766 -7.62727689743042
9.751294136047363 -14.390878677368164 -7.931748390197754
10.371734619140625 -14.47408676147461 -7.570876598358154
9.613418579101562 -14.723740577697754 -8.33228588104248
9.498522758483887 -15.001124382019043 -8.896005630493164
10.371734619140625 -15.362820625305176 -8.33228588104248
9.337667465209961 -15.099817276000977 -9.601302146911621
9.579333305358887 -14.8060302734375 -10.119623184204102
10.371734619140625 -15.820935249328613 -9.742303848266602
9.616189002990723 -14.241523742675781 -10.4157133102417
10.371734619140625 -14.392385482788086 -10.212451934814453
10.924572944641113 -13.879725456237793 -6.807827472686768
10.943000793457031 -14.272162437438965 -7.043740272521973
11.345993995666504 -13.867262840270996 -6.6045660972595215
11.267926216125488 -14.805575370788574 -7.232471942901611
11.497718811035156 -15.611370086669922 -7.605384349822998
12.731945991516113 -15.253214836120605 -6.724865913391113
12.003263473510742 -16.83186149597168 -8.33228588104248
12.003263473510742 -16.83186149597168 -9.385551452636719
13.956501007080078 -16.47776985168457 -8.33228588104248
11.440555572509766 -15.846684455871582 -9.967906951904297
11.145708084106445 -14.761541366577148 -10.078057289123535
12.23505973815918 -14.756327629089355 -9.601302146911621
10.729670524597168 -14.16307544708252 -10.110820770263672
11.288684844970703 -13.809952735900879 -9.958374977111816
12.004685401916504 -13.353206634521484 -6.045598030090332
12.863118171691895 -13.924967765808105 -6.00459098815918
14.140225410461426 -14.256670951843262 -6.24545955657959
14.532499313354492 -14.616448402404785 -7.219681262969971
13.755823135375977 -14.29473876953125 -8.33228588104248
12.868193626403809 -13.927070617675781 -8.999848365783691
12.284307479858398 -13.78919506072998 -9.432100296020508
11.795382499694824 -13.482697486877441 -9.662397384643555
11.391347885131836 -13.464269638061523 -9.907560348510742
11.087642669677734 -12.893003463745117 -6.295687198638916
11.363614082336426 -12.703808784484863 -6.109896183013916
11.037323951721191 -12.719148635864258 -6.233972072601318
10.965311050415039 -12.545293807983398 -6.233972072601318
11.229452133178711 -12.310079574584961 -6.049831390380859
10.893298149108887 -12.371439933776855 -6.233972072601318
10.742077827453613 -12.739602088928223 -6.431317329406738
10.514908790588379 -12.749828338623047 -6.511833667755127
10.574213981628418 -12.893003463745117 -6.511833667755127
10.939318656921387 -12.057857513427734 -6.109896183013916
10.709217071533203 -12.316884994506836 -6.295687198638916
10.535362243652344 -12.266566276550293 -6.357402324676514
10.545589447021484 -11.981546401977539 -6.290090084075928
10.371734619140625 -12.220483779907227 -6.419117450714111
10.52513599395752 -12.522660255432129 -6.431317329406738
10.371734619140625 -12.697755813598633 -6.576849937438965
10.213220596313477 -12.061968803405762 -6.470283508300781
10.2234468460083 -12.325294494628906 -6.542547702789307
10.085386276245117 -12.404175758361816 -6.604262828826904
9.942212104797363 -12.261000633239746 -6.650477409362793
9.972891807556152 -12.494160652160645 -6.7276930809021
10.228560447692871 -12.54734992980957 -6.558048248291016
10.238786697387695 -12.760055541992188 -6.641866207122803
9.784875869750977 -12.494160652160645 -6.770606517791748
9.935281753540039 -12.637334823608398 -6.789408206939697
9.901906967163086 -12.770282745361328 -6.851123332977295
9.75516128540039 -12.775395393371582 -6.95080041885376
9.87276840209961 -12.893003463745117 -6.912838459014893
10.063115119934082 -12.765169143676758 -6.74814510345459
10.190949440002441 -12.893003463745117 -6.706882476806641
9.781968116760254 -13.005496978759766 -7.010865211486816
9.921483039855957 -13.010610580444336 -6.912838459014893
9.970197677612305 -13.128217697143555 -6.912838459014893
9.897733688354492 -13.215145111083984 -7.070929527282715
10.034252166748047 -13.230485916137695 -6.97455358505249
10.087804794311523 -13.010610580444336 -6.874876499176025
10.243900299072266 -13.020837783813477 -6.706882476806641
10.049592971801758 -13.36700439453125 -7.070929527282715
10.136519432067871 -13.294540405273438 -6.912838459014893
10.254127502441406 -13.343255043029785 -6.912838459014893
10.254127502441406 -13.509576797485352 -6.95080041885376
10.371734619140625 -13.413663864135742 -6.851123332977295
10.249013900756836 -13.189277648925781 -6.811511039733887
10.371734619140625 -13.073787689208984 -6.706882476806641
10.499568939208984 -13.563191413879395 -6.830671310424805
10.504682540893555 -13.401983261108398 -6.7276930809021
10.647856712341309 -13.364372253417969 -6.665977954864502
10.801258087158203 -13.525005340576172 -6.650477409362793
10.801258087158203 -13.322525978088379 -6.604262828826904
10.504682540893555 -13.213967323303223 -6.684779644012451
10.504682540893555 -13.02595043182373 -6.641866207122803
11.071451187133789 -13.368546485900879 -6.470283508300781
10.895479202270508 -13.19980525970459 -6.480832576751709
10.99817180633545 -13.056631088256836 -6.357402324676514
11.309999465942383 -13.07197093963623 -6.230025291442871
10.729732513427734 -13.041291236877441 -6.494682788848877
11.068731307983398 -12.760055541992188 -9.893965721130371
10.957477569580078 -12.893003463745117 -9.998594284057617
10.900291442871094 -12.754941940307617 -9.998594284057617
10.717388153076172 -12.749828338623047 -10.106523513793945
10.58144474029541 -12.893003463745117 -10.217754364013672
10.514908790588379 -12.749828338623047 -10.152738571166992
10.843104362487793 -12.616881370544434 -9.998594284057617
10.785917282104492 -12.47882080078125 -9.998594284057617
10.95859432220459 -12.494160652160645 -9.893965721130371
10.770577430725098 -12.306143760681152 -9.893965721130371
10.647856712341309 -12.42163372039795 -9.998594284057617
10.514908790588379 -12.54734992980957 -10.106523513793945
10.371734619140625 -12.683292388916016 -10.217754364013672
10.514908790588379 -12.344870567321777 -10.060309410095215
10.371734619140625 -12.263872146606445 -10.122024536132812
10.509796142578125 -12.169198989868164 -9.95403003692627
10.21833324432373 -12.088776588439941 -10.134223937988281
10.213220596313477 -12.286142349243164 -10.245454788208008
10.213220596313477 -12.510315895080566 -10.29662036895752
10.213220596313477 -12.734488487243652 -10.347786903381348
10.044479370117188 -12.334342956542969 -10.307169914245605
9.850171089172363 -12.371439933776855 -10.4306001663208
9.865510940551758 -12.148143768310547 -10.314417839050293
9.559161186218262 -12.34075927734375 -10.494610786437988
9.760700225830078 -12.535067558288574 -10.492315292358398
9.964357376098633 -12.724262237548828 -10.423352241516113
10.14033031463623 -12.893003463745117 -10.412802696228027
9.666993141174316 -12.708921432495117 -10.554030418395996
9.569049835205078 -12.893003463745117 -10.615745544433594
9.326239585876465 -12.693581581115723 -10.6748046875
9.326239585876465 -13.092424392700195 -10.6748046875
9.647417068481445 -13.082198143005371 -10.615745544433594
9.95201301574707 -13.06685733795166 -10.486717224121094
10.208106994628906 -13.056631088256836 -10.412802696228027
9.725783348083496 -13.271392822265625 -10.615745544433594
9.819491386413574 -13.445246696472168 -10.554030418395996
9.491446495056152 -13.491267204284668 -10.6748046875
9.819491386413574 -13.70557689666748 -10.494610786437988
10.013798713684082 -13.504037857055664 -10.492315292358398
10.202993392944336 -13.30038070678711 -10.423352241516113
10.371734619140625 -13.117176055908203 -10.347786903381348
10.202993392944336 -13.539016723632812 -10.368885040283203
10.371734619140625 -13.587217330932617 -10.307169914245605
10.197879791259766 -13.804459571838379 -10.374482154846191
10.53024959564209 -13.724037170410156 -10.19428825378418
10.53024959564209 -13.499863624572754 -10.245454788208008
10.53024959564209 -13.275691032409668 -10.29662036895752
10.52513599395752 -13.046403884887695 -10.282771110534668
10.678537368774414 -13.416747093200684 -10.18373966217041
10.816597938537598 -13.337865829467773 -10.122024536132812
10.831937789916992 -13.570148468017578 -10.134223937988281
11.00373649597168 -13.322525978088379 -10.014094352722168
10.878021240234375 -13.18957805633545 -10.122024536132812
10.729732513427734 -13.041291236877441 -10.169889450073242
10.919867515563965 -13.036177635192871 -10.060309410095215
11.095539093017578 -13.0310640335083 -9.95403003692627
11.731694221496582 -12.487588882446289 -5.892928600311279
11.864897727966309 -12.893003463745117 -5.948368549346924
12.243806838989258 -12.423090934753418 -5.740706443786621
12.879613876342773 -12.349379539489746 -5.607038497924805
13.058466911315918 -12.893003463745117 -5.653229236602783
13.463290214538574 -12.303309440612793 -5.672062873840332
12.615747451782227 -11.824182510375977 -5.653229236602783
12.852753639221191 -11.206846237182617 -5.7967610359191895
12.359513282775879 -11.317414283752441 -5.6994194984436035
11.638501167297363 -12.26259994506836 -5.892928600311279
11.941143035888672 -11.69239616394043 -5.740706443786621
12.238785743713379 -11.025952339172363 -5.6994194984436035
11.545307159423828 -12.037611961364746 -5.892928600311279
11.45211410522461 -11.812623977661133 -5.892928600311279
13.861838340759277 -12.100217819213867 -5.925347328186035
14.07953929901123 -12.893003463745117 -5.995113372802734
14.08389949798584 -12.100217819213867 -6.38646125793457
13.96385383605957 -12.169156074523926 -6.976680755615234
14.263680458068848 -12.893003463745117 -6.976680755615234
13.68471622467041 -12.261073112487793 -7.51637601852417
13.402732849121094 -11.560205459594727 -7.084268569946289
12.75546646118164 -11.272964477539062 -7.635053634643555
12.889204978942871 -11.066150665283203 -7.191856384277344
13.55173110961914 -11.48515796661377 -5.960230350494385
13.039937019348145 -10.99360179901123 -6.6684651374816895
12.555878639221191 -10.70885944366455 -7.25640869140625
13.077465057373047 -11.008195877075195 -6.134645938873291
12.680496215820312 -10.58424186706543 -6.274178981781006
13.3233003616333 -12.330011367797852 -7.968835353851318
13.62149429321289 -12.893003463745117 -7.9614176750183105
12.961883544921875 -12.398948669433594 -8.33228588104248
12.720939636230469 -12.444907188415527 -8.621562957763672
12.971542358398438 -12.893003463745117 -8.62898063659668
12.479995727539062 -12.490865707397461 -8.85150146484375
12.424378395080566 -12.042770385742188 -8.606728553771973
11.994701385498047 -11.789998054504395 -8.806997299194336
12.146854400634766 -11.686591148376465 -8.591894149780273
12.923670768737793 -11.835956573486328 -7.991087436676025
12.349724769592285 -11.548715591430664 -8.33228588104248
11.934325218200684 -11.330412864685059 -8.584476470947266
12.603313446044922 -11.376371383666992 -8.005922317504883
12.256034851074219 -11.008703231811523 -8.02817440032959
12.28442668914795 -12.588942527770996 -9.042365074157715
12.472149848937988 -12.893003463745117 -9.063882827758789
12.068739891052246 -12.607370376586914 -9.206497192382812
11.917448997497559 -12.616583824157715 -9.37878131866455
12.031946182250977 -12.893003463745117 -9.37878131866455
11.724289894104004 -12.635011672973633 -9.496133804321289
11.755245208740234 -12.358592987060547 -9.343897819519043
11.429218292236328 -12.17431354522705 -9.413002014160156
11.600674629211426 -12.11902904510498 -9.309015274047852
12.074172973632812 -12.230487823486328 -9.02084732055664
11.756726264953613 -11.995475769042969 -9.17829704284668
11.4282865524292 -11.836451530456543 -9.274131774902344
11.873437881469727 -11.895012855529785 -8.999329566955566
11.638538360595703 -11.626199722290039 -8.956295013427734
11.60947322845459 -12.749828338623047 -9.62562370300293
11.668778419494629 -12.893003463745117 -9.62562370300293
11.40869140625 -12.754941940307617 -9.704298973083496
11.252115249633789 -12.754941940307617 -9.829164505004883
11.30930233001709 -12.893003463745117 -9.829164505004883
11.194928169250488 -12.616881370544434 -9.829164505004883
11.137742042541504 -12.47882080078125 -9.829164505004883
11.502609252929688 -12.491837501525879 -9.62562370300293
11.248457908630371 -12.368103981018066 -9.704298973083496
11.010140419006348 -12.254596710205078 -9.773724555969238
11.322602272033691 -12.280929565429688 -9.533242225646973
11.223372459411621 -12.041365623474121 -9.533242225646973
11.000679016113281 -11.729806900024414 -6.059248447418213
11.304888725280762 -11.334383964538574 -5.893152236938477
11.713589668273926 -10.808408737182617 -5.6994194984436035
12.03024959564209 -10.452656745910645 -5.838326930999756
11.131083488464355 -10.752418518066406 -5.884182453155518
10.896930694580078 -10.13958740234375 -5.963024616241455
10.627403259277344 -10.682755470275879 -6.022754192352295
10.780804634094238 -11.673457145690918 -6.114688396453857
10.596723556518555 -11.203146934509277 -6.0964131355285645
10.371734619140625 -10.623177528381348 -6.068944931030273
10.57115650177002 -11.621342658996582 -6.170128345489502
10.371734619140625 -11.60818862915039 -6.281008243560791
12.113175392150879 -10.127887725830078 -6.134645938873291
12.196706771850586 -10.07685375213623 -6.612064361572266
12.142363548278809 -10.228691101074219 -7.148820877075195
12.060710906982422 -10.407835960388184 -7.605384349822998
11.613950729370117 -9.70093059539795 -7.041233539581299
11.015154838562012 -9.51978588104248 -7.5015411376953125
10.943000793457031 -9.299460411071777 -6.99819803237915
11.532694816589355 -9.887445449829102 -6.134645938873291
10.970643043518066 -9.33476734161377 -6.499262809753418
10.371734619140625 -9.062833786010742 -6.99819803237915
10.952215194702148 -9.647002220153809 -6.134645938873291
10.371734619140625 -9.517240524291992 -6.204412460327148
11.922835350036621 -10.610706329345703 -7.998504638671875
11.75049114227295 -10.86429500579834 -8.33228588104248
11.612615585327148 -11.06716537475586 -8.599310874938965
11.509208679199219 -11.219319343566895 -8.821831703186035
11.267926216125488 -10.729405403137207 -8.621562957763672
10.79685115814209 -10.664270401000977 -8.881171226501465
10.854299545288086 -10.363089561462402 -8.643815040588379
11.474740028381348 -10.230113983154297 -7.976252555847168
10.90025806427002 -10.122145652770996 -8.33228588104248
10.371734619140625 -10.033214569091797 -8.658650398254395
10.969196319580078 -9.760729789733887 -7.946583271026611
10.371734619140625 -9.383262634277344 -7.931748390197754
11.44027042388916 -11.420520782470703 -8.999329566955566
11.337532043457031 -11.536290168762207 -9.17829704284668
11.209426879882812 -11.69045639038086 -9.309015274047852
11.118066787719727 -11.79484748840332 -9.454567909240723
10.992842674255371 -11.490063667297363 -9.37878131866455
10.648154258728027 -11.44383716583252 -9.579265594482422
10.727913856506348 -11.32498550415039 -9.413664817810059
11.130050659179688 -11.168469429016113 -9.042365074157715
10.750892639160156 -11.117620468139648 -9.262897491455078
10.371734619140625 -11.066770553588867 -9.483430862426758
10.773872375488281 -10.897381782531738 -9.085399627685547
10.371734619140625 -10.545479774475098 -9.14995288848877
11.118066787719727 -11.951423645019531 -9.57943344116211
11.007349967956543 -12.062140464782715 -9.704298973083496
10.896634101867676 -12.172856330871582 -9.829164505004883
10.758572578430176 -12.115669250488281 -9.829164505004883
10.629725456237793 -12.02757453918457 -9.884604454040527
10.887717247009277 -11.809686660766602 -9.62562370300293
10.629725456237793 -11.865199089050293 -9.755114555358887
10.371734619140625 -11.885986328125 -9.940044403076172
10.63893985748291 -11.660317420959473 -9.671814918518066
10.371734619140625 -11.456991195678711 -9.764195442199707
10.058460235595703 -11.84212589263916 -6.447328090667725
10.02160358428955 -11.498126029968262 -6.401305198669434
9.966320037841797 -11.022721290588379 -6.299898147583008
9.911036491394043 -10.477725982666016 -6.253986835479736
9.653044700622559 -11.384098052978516 -6.530851364135742
9.293700218200684 -11.306777954101562 -6.711212635040283
9.431909561157227 -11.707310676574707 -6.761804580688477
9.913259506225586 -11.971718788146973 -6.558207988739014
9.618412971496582 -11.908276557922363 -6.7061967849731445
9.323565483093262 -11.844834327697754 -6.854185581207275
9.78851318359375 -12.092840194702148 -6.669087886810303
9.684220314025879 -12.205489158630371 -6.779967784881592
9.70533561706543 -9.959293365478516 -6.3090620040893555
9.624908447265625 -9.396037101745605 -6.499262809753418
9.578949928283691 -8.958778381347656 -6.847575664520264
9.590438842773438 -8.796953201293945 -7.323524475097656
8.832123756408691 -9.391676902770996 -6.890610694885254
8.165724754333496 -9.647069931030273 -7.382863521575928
8.441475868225098 -10.23303508758545 -7.127303600311279
9.315850257873535 -10.50800609588623 -6.553244113922119
8.762072563171387 -10.631814956665039 -6.922268390655518
8.274956703186035 -10.796224594116211 -7.29944372177124
9.055360794067383 -11.003286361694336 -6.797426223754883
8.884736061096191 -11.406003952026367 -7.006725311279297
9.613418579101562 -8.917425155639648 -7.842740058898926
9.670866966247559 -9.218605041503906 -8.33228588104248
9.7398042678833 -9.580021858215332 -8.740241050720215
9.80874252319336 -9.941437721252441 -9.059187889099121
8.763185501098633 -9.009622573852539 -8.85150146484375
7.683160305023193 -8.93702220916748 -9.489395141601562
7.510815620422363 -8.683433532714844 -8.947927474975586
8.579351425170898 -8.565807342529297 -7.753731727600098
7.545284271240234 -8.734151840209961 -8.33228588104248
6.786968231201172 -9.308237075805664 -8.91084098815918
7.786566734313965 -9.0891752243042 -7.775983810424805
7.522305011749268 -10.043573379516602 -7.872409343719482
9.966320037841797 -10.34274673461914 -9.279057502746582
9.993962287902832 -10.648577690124512 -9.488500595092773
10.02160358428955 -10.935097694396973 -9.657846450805664
10.049245834350586 -11.202308654785156 -9.78709602355957
9.560905456542969 -10.793883323669434 -9.867145538330078
9.072565078735352 -10.981398582458496 -10.285887718200684
8.906713485717773 -10.566795349121094 -10.1810941696167
9.233036041259766 -9.966937065124512 -9.515750885009766
8.516844749450684 -10.03068733215332 -10.080708503723145
7.7890520095825195 -10.310320854187012 -10.634575843811035
8.053821563720703 -9.405176162719727 -9.881548881530762
6.964469909667969 -9.485738754272461 -10.01065444946289
10.202993392944336 -11.434240341186523 -9.856576919555664
10.208106994628906 -11.664016723632812 -9.958374977111816
10.21833324432373 -11.914802551269531 -9.995484352111816
10.044479370117188 -11.917366027832031 -10.106364250183105
9.834831237792969 -11.900031089782715 -10.272684097290039
9.855950355529785 -11.439021110534668 -9.995148658752441
9.632987976074219 -11.659095764160156 -10.263266563415527
9.414125442504883 -11.935394287109375 -10.494443893432617
9.382999420166016 -11.356986045837402 -10.272293090820312
8.766725540161133 -11.287994384765625 -10.595626831054688
9.634098052978516 -12.494160652160645 -6.890847682952881
9.495011329650879 -12.368103981018066 -6.960273265838623
9.311151504516602 -12.210305213928223 -6.992757320404053
9.151561737060547 -12.063745498657227 -7.085306644439697
9.321636199951172 -12.520492553710938 -7.131329536437988
9.164095878601074 -12.662653923034668 -7.2931365966796875
9.310815811157227 -12.770282745361328 -7.223710536956787
9.609518051147461 -12.637334823608398 -6.946287631988525
9.449995040893555 -12.770282745361328 -7.1127190589904785
9.306306838989258 -12.893003463745117 -7.269901275634766
9.589174270629883 -12.770282745361328 -7.00172758102417
9.60779094696045 -12.893003463745117 -7.112607479095459
8.923340797424316 -11.980819702148438 -7.181141376495361
8.617412567138672 -11.756134986877441 -7.260672569274902
8.33716869354248 -11.540886878967285 -7.428549289703369
7.988002777099609 -11.272964477539062 -7.635053634643555
8.456491470336914 -12.147673606872559 -7.55765438079834
8.323709487915039 -12.502355575561523 -7.827905178070068
8.574963569641113 -12.607370376586914 -7.6652421951293945
8.940516471862793 -12.340165138244629 -7.285790920257568
8.78421401977539 -12.625798225402832 -7.5144758224487305
8.64198112487793 -12.893003463745117 -7.729794979095459
8.980591773986816 -12.64422607421875 -7.390440464019775
9.04356575012207 -12.893003463745117 -7.495090007781982
7.582261085510254 -10.997213363647461 -7.924331188201904
7.02436637878418 -10.61805534362793 -8.33228588104248
6.618624687194824 -10.342304229736328 -8.881171226501465
6.4157538414001465 -10.204428672790527 -9.489395141601562
6.8212151527404785 -11.422329902648926 -8.806997299194336
6.878045082092285 -12.226604461669922 -9.192700386047363
7.2394609451293945 -12.295541763305664 -8.717988967895508
7.708845138549805 -11.789998054504395 -7.976252555847168
7.661113262176514 -12.375969886779785 -8.33228588104248
7.7069315910339355 -12.893003463745117 -8.636398315429688
7.96229362487793 -12.433417320251465 -8.035591125488281
8.226893424987793 -12.893003463745117 -8.087512969970703
6.476781368255615 -10.066553115844727 -10.096724510192871
6.66338586807251 -10.253156661987305 -10.644715309143066
7.193574905395508 -10.679102897644043 -10.913640975952148
7.809370994567871 -11.151562690734863 -10.950942993164062
6.817620754241943 -11.31952953338623 -10.983407020568848
7.376791000366211 -12.321737289428711 -10.909377098083496
6.780468940734863 -12.077239036560059 -10.808991432189941
6.243305683135986 -11.077640533447266 -10.032172203063965
6.498171806335449 -12.065749168395996 -10.362711906433105
7.272673606872559 -12.893003463745117 -10.285743713378906
6.60856294631958 -12.134687423706055 -9.75244426727295
7.22111177444458 -12.893003463745117 -9.429680824279785
8.55832290649414 -11.455623626708984 -10.734199523925781
8.986963272094727 -11.833643913269043 -10.618973731994629
9.304850578308105 -12.115374565124512 -10.549883842468262
9.162549018859863 -12.291254997253418 -10.66076374053955
9.042683601379395 -12.49680233001709 -10.716203689575195
8.166412353515625 -11.842610359191895 -10.965152740478516
8.573077201843262 -12.441518783569336 -10.822235107421875
8.843847274780273 -12.893003463745117 -10.77164363861084
7.99137544631958 -12.377020835876465 -10.918961524963379
7.962940216064453 -12.893003463745117 -10.734199523925781
9.691755294799805 -13.095710754394531 -7.112607479095459
9.56417465209961 -13.095710754394531 -7.214349746704102
9.436594009399414 -13.095710754394531 -7.316092014312744
9.260706901550293 -13.104924201965332 -7.37626838684082
9.520557403564453 -13.298418045043945 -7.316092014312744
9.517613410949707 -13.473483085632324 -7.459400177001953
9.639394760131836 -13.473483085632324 -7.362282752990723
9.738351821899414 -13.20820426940918 -7.112607479095459
9.725507736206055 -13.387371063232422 -7.265164852142334
9.683874130249023 -13.580863952636719 -7.362282752990723
9.811620712280273 -13.301258087158203 -7.1680474281311035
9.856099128723145 -13.408638954162598 -7.1680474281311035
9.157785415649414 -13.168754577636719 -7.495090007781982
9.026747703552246 -13.180244445800781 -7.62727689743042
8.889272689819336 -13.191733360290527 -7.772830009460449
8.685126304626465 -13.214713096618652 -7.9169135093688965
9.065269470214844 -13.467484474182129 -7.794347286224365
9.103792190551758 -13.754725456237793 -7.9614176750183105
9.231748580932617 -13.720256805419922 -7.8158650398254395
9.296147346496582 -13.369186401367188 -7.529973030090332
9.331587791442871 -13.633447647094727 -7.683677673339844
9.36702823638916 -13.897708892822266 -7.8373823165893555
9.426876068115234 -13.551190376281738 -7.564856052398682
9.549972534179688 -13.714765548706055 -7.5997395515441895
8.504417419433594 -13.249181747436523 -8.102347373962402
8.323709487915039 -13.283650398254395 -8.33228588104248
8.022529602050781 -13.34109878540039 -8.621562957763672
7.841821670532227 -13.375567436218262 -8.955344200134277
8.430044174194336 -13.697278022766113 -8.591894149780273
8.596614837646484 -14.099414825439453 -8.85150146484375
8.748767852783203 -13.996007919311523 -8.569642066955566
8.76290512084961 -13.559401512145996 -8.117182731628418
8.850203514099121 -13.927070617675781 -8.33228588104248
8.9929780960083 -14.271759986877441 -8.55480670928955
9.00235652923584 -13.823663711547852 -8.132017135620117
9.222771644592285 -14.041966438293457 -8.146851539611816
7.647597312927246 -13.326059341430664 -9.343610763549805
7.579887866973877 -13.362915992736816 -9.770503997802734
7.692496299743652 -13.372129440307617 -10.146210670471191
7.908151626586914 -13.362915992736816 -10.45215129852295
8.034078598022461 -13.79597282409668 -10.041561126708984
8.500802040100098 -14.164531707763672 -10.244321823120117
8.352762222290039 -14.164531707763672 -9.936911582946777
8.08408260345459 -13.783258438110352 -9.257540702819824
8.386580467224121 -14.179458618164062 -9.544901847839355
8.728209495544434 -14.536528587341309 -9.797379493713379
8.482495307922363 -14.148539543151855 -9.171470642089844
8.799151420593262 -14.46558666229248 -9.106917381286621
8.161487579345703 -13.14867115020752 -10.641818046569824
8.566661834716797 -13.133331298828125 -10.72060489654541
8.969647407531738 -13.11287784576416 -10.716203689575195
9.060722351074219 -13.33275318145752 -10.716203689575195
9.1517972946167 -13.552627563476562 -10.716203689575195
8.43309211730957 -13.580716133117676 -10.549436569213867
8.910529136657715 -13.767834663391113 -10.618973731994629
9.36501693725586 -13.899720191955566 -10.605323791503906
8.689430236816406 -13.975903511047363 -10.45705509185791
8.930501937866211 -14.334236145019531 -10.364673614501953
10.034252166748047 -13.517156600952148 -7.112607479095459
9.944039344787598 -13.607370376586914 -7.214349746704102
9.853825569152832 -13.69758415222168 -7.316092014312744
9.791254043579102 -13.747124671936035 -7.459400177001953
10.056532859802246 -13.781547546386719 -7.316092014312744
10.15981388092041 -14.00403118133545 -7.37626838684082
10.254127502441406 -13.909716606140137 -7.269901275634766
10.136519432067871 -13.594242095947266 -7.0571675300598145
10.254127502441406 -13.776336669921875 -7.163534164428711
10.371734619140625 -14.004754066467285 -7.223710536956787
10.254127502441406 -13.642956733703613 -7.0571675300598145
10.371734619140625 -13.726396560668945 -7.00172758102417
9.735970497131348 -13.90248966217041 -7.529973030090332
9.683629989624023 -13.954830169677734 -7.683677673339844
9.59909725189209 -14.055612564086914 -7.8158650398254395
9.510011672973633 -14.160945892333984 -7.9614176750183105
9.833440780639648 -14.27623462677002 -7.772830009460449
10.038535118103027 -14.639848709106445 -7.902079105377197
10.113743782043457 -14.515893936157227 -7.729794979095459
9.947892189025879 -13.990270614624023 -7.529973030090332
10.132171630859375 -14.31629753112793 -7.599076747894287
10.371734619140625 -14.684534072875977 -7.708277225494385
10.150599479675293 -14.1295747756958 -7.495090007781982
10.371734619140625 -14.276512145996094 -7.460206508636475
9.40660572052002 -14.313098907470703 -8.12459945678711
9.337667465209961 -14.414534568786621 -8.33228588104248
9.268730163574219 -14.515970230102539 -8.569642066955566
9.165323257446289 -14.668123245239258 -8.85150146484375
9.567460060119629 -14.834693908691406 -8.591894149780273
9.900659561157227 -15.36268138885498 -8.940509796142578
9.923638343811035 -15.242208480834961 -8.621562957763672
9.682356834411621 -14.5573091506958 -8.10976505279541
9.969597816467285 -15.001264572143555 -8.33228588104248
10.371734619140625 -15.622801780700684 -8.643815040588379
10.004066467285156 -14.820556640625 -8.094930648803711
10.371734619140625 -15.102839469909668 -8.080095291137695
9.06191635131836 -14.697981834411621 -9.14995288848877
9.019618034362793 -14.792401313781738 -9.516700744628906
9.055360794067383 -14.782720565795898 -9.867145538330078
9.18313217163086 -14.641918182373047 -10.119623184204102
9.440072059631348 -14.99741268157959 -9.902029037475586
9.975534439086914 -14.970142364501953 -10.119623184204102
9.84321117401123 -15.219738006591797 -9.936911582946777
9.40660572052002 -15.08786392211914 -9.23602294921875
9.831721305847168 -15.421578407287598 -9.657702445983887
10.371734619140625 -15.494000434875488 -9.971795082092285
9.84321117401123 -15.515820503234863 -9.32209300994873
10.371734619140625 -15.920072555541992 -9.386645317077637
9.155489921569824 -14.42742919921875 -10.364673614501953
9.382999420166016 -14.185457229614258 -10.466527938842773
9.594106674194336 -13.959887504577637 -10.549883842468262
9.827295303344727 -13.987028121948242 -10.439003944396973
10.030817985534668 -14.036604881286621 -10.383563995361328
9.597761154174805 -14.517977714538574 -10.272293090820312
10.02160358428955 -14.287879943847656 -10.263266563415527
10.371734619140625 -14.108367919921875 -10.272684097290039
10.003175735473633 -14.593259811401367 -10.179911613464355
10.371734619140625 -14.745922088623047 -10.179911613464355
10.611297607421875 -13.696615219116211 -6.890847682952881
10.611297607421875 -13.847393035888672 -7.0110883712768555
10.620512008666992 -14.040677070617676 -7.08513879776001
10.620512008666992 -14.197253227233887 -7.2100043296813965
10.924572944641113 -14.053699493408203 -6.946567058563232
11.339201927185059 -14.31653881072998 -6.877476692199707
11.311559677124023 -14.078696250915527 -6.761804580688477
10.772900581359863 -13.699127197265625 -6.779967784881592
11.125056266784668 -13.877730369567871 -6.7061967849731445
11.583680152893066 -14.104948997497559 -6.623232364654541
10.9549560546875 -13.69316577911377 -6.669087886810303
11.157464981079102 -13.678733825683594 -6.558207988739014
10.704934120178223 -14.359857559204102 -7.320673942565918
10.739402770996094 -14.61458683013916 -7.429874420166016
10.762382507324219 -14.8316068649292 -7.60068941116333
10.79685115814209 -15.121736526489258 -7.783401012420654
11.38282299041748 -15.192380905151367 -7.385514259338379
12.646682739257812 -16.240371704101562 -7.353193759918213
12.336462020874023 -15.600470542907715 -7.105785846710205
11.075657844543457 -14.483001708984375 -7.146258354187012
11.917010307312012 -15.063743591308594 -6.978668689727783
13.298487663269043 -15.819755554199219 -6.890610694885254
11.568437576293945 -14.61092758178711 -6.936959266662598
12.210917472839355 -14.732186317443848 -6.692777156829834
10.877279281616211 -15.543389320373535 -8.005922317504883
10.969196319580078 -16.025278091430664 -8.33228588104248
11.026643753051758 -16.326457977294922 -8.755075454711914
11.049623489379883 -16.446929931640625 -9.207534790039062
12.118159294128418 -17.10924530029297 -8.896005630493164
12.750088691711426 -16.39252471923828 -9.35588264465332
13.163716316223145 -17.00113868713379 -8.933093070983887
11.75049114227295 -16.221616744995117 -7.88724422454834
13.301591873168945 -17.204008102416992 -8.33228588104248
13.496915817260742 -16.018184661865234 -8.83666706085205
13.129246711730957 -16.950420379638672 -7.73889684677124
14.002459526062012 -16.523727416992188 -7.74631404876709
10.906145095825195 -16.25470542907715 -9.580303192138672
10.887717247009277 -15.9585599899292 -9.911505699157715
10.832432746887207 -15.469194412231445 -10.076444625854492
10.767935752868652 -14.970142364501953 -10.119623184204102
11.293131828308105 -15.278366088867188 -10.076444625854492
11.449769973754883 -14.479228019714355 -9.953359603881836
11.64326286315918 -14.911975860595703 -9.936911582946777
11.717469215393066 -16.35108184814453 -9.730926513671875
11.957365989685059 -15.339820861816406 -9.826905250549316
11.976127624511719 -14.497397422790527 -9.762495994567871
12.335522651672363 -15.847968101501465 -9.644856452941895
12.555878639221191 -15.077146530151367 -9.408163070678711
10.57115650177002 -14.616995811462402 -10.133720397949219
10.555815696716309 -14.275611877441406 -10.161636352539062
10.545589447021484 -14.001629829406738 -10.217244148254395
10.709217071533203 -13.899128913879395 -10.16180419921875
10.862618446350098 -13.800863265991211 -10.106364250183105
10.916173934936523 -14.427762031555176 -10.087530136108398
11.032718658447266 -13.997024536132812 -10.060006141662598
11.108357429504395 -13.62962532043457 -9.995484352111816
11.219222068786621 -14.209589958190918 -9.995148658752441
11.485414505004883 -14.006683349609375 -9.9027681350708
11.364706993103027 -13.429906845092773 -6.39188814163208
11.638113021850586 -13.651190757751465 -6.350489616394043
11.944323539733887 -13.905279159545898 -6.346088409423828
12.283339500427246 -14.19217300415039 -6.3786845207214355
12.391154289245605 -13.609370231628418 -6.022754192352295
13.366679191589355 -13.464269638061523 -5.755194664001465
12.891416549682617 -13.184465408325195 -5.6994194984436035
11.530303955078125 -13.28161907196045 -6.2255682945251465
12.215213775634766 -13.138444900512695 -5.893152236938477
11.708608627319336 -13.102651596069336 -6.059248447418213
12.91739559173584 -14.496234893798828 -6.3090620040893555
13.511048316955566 -14.927398681640625 -6.414661884307861
14.004887580871582 -15.307496070861816 -6.718470096588135
14.327714920043945 -15.581578254699707 -7.175177097320557
14.46822738647461 -14.487180709838867 -6.6754350662231445
14.407548904418945 -13.662808418273926 -7.338359355926514
14.486921310424805 -13.547195434570312 -6.804540157318115
13.520414352416992 -14.109247207641602 -6.029996871948242
14.313165664672852 -13.556408882141113 -6.301860332489014
13.926877975463867 -13.528767585754395 -5.925347328186035
14.378433227539062 -15.616046905517578 -7.74631404876709
13.972691535949707 -15.340295791625977 -8.33228588104248
13.414796829223633 -14.961137771606445 -8.777328491210938
12.95833683013916 -14.650917053222656 -9.08885669708252
13.256531715393066 -14.08792495727539 -8.717988967895508
12.78117561340332 -13.352588653564453 -8.925675392150879
13.142592430114746 -13.421525955200195 -8.673484802246094
14.310591697692871 -14.524531364440918 -7.805653095245361
13.564244270324707 -13.501954078674316 -8.33228588104248
13.985896110534668 -13.582381248474121 -7.88724422454834
12.556709289550781 -14.478572845458984 -9.32209300994873
12.271133422851562 -14.245119094848633 -9.516700744628906
12.003762245178223 -14.029870986938477 -9.657846450805664
11.754597663879395 -13.832828521728516 -9.745530128479004
12.055262565612793 -13.638333320617676 -9.588080406188965
11.820900917053223 -13.169422149658203 -9.579265594482422
12.040914535522461 -13.272161483764648 -9.483430862426758
12.566596031188965 -13.858132362365723 -9.23602294921875
12.254716873168945 -13.295140266418457 -9.31929874420166
12.538409233093262 -13.329608917236328 -9.14995288848877
11.522554397583008 -13.80518627166748 -9.856576919555664
11.356461524963379 -13.64632511138916 -9.958374977111816
11.171897888183594 -13.476224899291992 -9.995484352111816
11.206648826599121 -13.308496475219727 -9.940044403076172
11.268071174621582 -13.160208702087402 -9.940044403076172
11.609810829162598 -13.482697486877441 -9.810386657714844
11.472953796386719 -13.169422149658203 -9.856744766235352
11.646927833557129 -13.169422149658203 -9.718005180358887
